Total in the document(s): 632
Total answered by model: 1369
missed_rate: 7.120253164556963%
error_rate: 57.12198685171658%
right_rate: 42.878013148283415%
