Total in the document(s): 1075
Total answered by model: 2222
missed_rate: 6.511627906976744%
error_rate: 54.770477047704766%
right_rate: 45.229522952295234%
