Total in the document(s): 793
Total answered by model: 1204
missed_rate: 4.791929382093317%
error_rate: 37.29235880398671%
right_rate: 62.707641196013284%
