Total in the document(s): 666
Total answered by model: 1879
missed_rate: 6.756756756756757%
error_rate: 66.95050558807877%
right_rate: 33.04949441192123%
