Total in the document(s): 325
Total answered by model: 823
missed_rate: 6.461538461538462%
error_rate: 63.06196840826246%
right_rate: 36.93803159173755%
