Total in the document(s): 403
Total answered by model: 977
missed_rate: 4.714640198511166%
error_rate: 60.69600818833163%
right_rate: 39.30399181166837%
