Total in the document(s): 392
Total answered by model: 1171
missed_rate: 4.336734693877551%
error_rate: 67.97608881298036%
right_rate: 32.02391118701964%
