Total in the document(s): 567
Total answered by model: 1251
missed_rate: 5.291005291005291%
error_rate: 57.07434052757794%
right_rate: 42.92565947242206%
