Total in the document(s): 268
Total answered by model: 661
missed_rate: 12.313432835820896%
error_rate: 64.44780635400907%
right_rate: 35.55219364599092%
