Total in the document(s): 2929
Total answered by model: 4370
missed_rate: 26.35711847046774%
error_rate: 50.64073226544622%
right_rate: 49.359267734553775%
