Total in the document(s): 294
Total answered by model: 348
missed_rate: 4.421768707482993%
error_rate: 19.25287356321839%
right_rate: 80.74712643678161%
